9569 3773 3588 3232 3371 3130 3063 3369 3224 3420 
3710 3403 6471 3882 3575 4333 4315 3053 4138 3002 
3626 4415 4614 3745 19008 3534 5141 4247 3838 3947 
4827 3537 4233 4671 4166 3900 4311 4102 3843 2974 
4147 4327 4334 3947 5395 4400 4715 3763 4699 4750 
5211 5030 5759 4591 5216 4906 5329 4710 5546 4790 
5050 5474 5443 17457 4523 6536 5433 4751 4959 4982 
6316 7934 5589 5554 5130 6902 6754 5545 5325 6507 
7901 6900 5017 6381 7740 7257 6639 6159 5474 5668 
6292 5967 6028 6235 6311 7260 5627 7087 6012 5603 
7460 5047 5763 5045 5854 6134 5804 5480 5891 6607 
5623 6202 6017 6611 4968 5292 4385 6165 5591 6440 
7013 6726 7305 7487 8420 21220 34818 7204 3324 4091 
3488 3367 2818 3080 3943 3302 3631 3769 3427 3102 
3894 3493 3193 3519 3563 3409 2740 3265 3031 3648 
3779 3693 3335 3073 3717 3534 2768 3564 3356 3158 
3362 3473 3208 3709 3584 3426 3793 3412 3805 3138 
1237 901 1245 3875 2774 1647 1497 1328 1359 2796 
1200 1184 922 1696 1638 1157 921 879 1857 1016 
1446 1420 1280 2118 1072 802 2146 1206 1739 1484 
1357 1279 1241 866 1190 1737 1040 891 1337 1013 
2865 1289 1324 1279 1049 3142 1313 1088 842 1774 
1723 1074 983 956 979 1010 916 887 998 934 
2023 1090 1016 1188 1171 1148 950 1109 1074 1114 
1394 975 1088 1305 754 1114 976 1108 1090 917 
1939 1328 1069 1164 934 31921 11038 984 680 586 
1123 1103 845 895 887 703 1014 741 698 822 
959 736 703 701 679 719 806 649 678 666 
1087 751 970 714 923 860 930 926 1018 746 
1512 827 836 2306 2552 1587 1761 1640 2560 2511 
1385 1196 1548 1219 1392 1599 1276 1329 1512 1319 
1652 1829 1210 2109 1545 1270 1967 2977 2392 2805 
1311 1891 1829 1705 1458 1268 1863 924 598 718 
1186 954 759 785 724 684 834 766 862 1022 
1235 859 785 889 1182 1394 1435 749 822 787 
1255 1038 954 985 1397 882 850 786 907 774 
1818 1644 1505 1098 932 777 788 915 853 1070 
2187 1171 1105 871 1097 850 966 1816 1311 999 
1524 1155 1185 922 952 820 1234 870 1333 1268 
994 1155 651 869 976 959 810 2163 1195 906 
1202 945 776 702 1473 1395 926 1467 1629 1145 
1305 1708 1276 1202 1295 970 719 1050 908 1143 
1698 1137 1032 877 1169 1006 1068 1091 987 878 
1263 1538 869 1172 1143 730 1148 1265 915 1099 
1440 979 1160 1374 797 1020 945 1019 1530 1968 
1383 1606 1086 1366 1077 1475 1556 1647 1472 1588 
1763 1156 1293 1193 1257 1220 1001 1196 1043 1247 
1411 1041 1362 1152 1275 1635 1317 1035 1241 1151 
1564 1270 1366 1182 1218 885 774 1060 1102 1376 
1498 1628 1228 1185 1411 1163 1104 989 1131 2514 
1930 2999 2546 2142 1960 1917 1459 1365 1405 973 
1255 1228 1460 962 987 1238 1262 1665 1589 1693 
1623 2971 1226 1250 1329 1372 2257 1399 1089 1229 
1623 2019 1929 2053 1268 1091 1933 1794 1790 1490 
2330 1382 1468 1219 1646 1572 1533 1400 1569 1560 
1678 3265 3302 3310 2587 1931 3685 3499 3446 3657 
1323 1402 1342 1171 1017 1122 1033 1103 1196 1006 
2388 2642 1820 2418 1708 2180 2270 2533 1757 1352 
1591 1889 1310 1772 1724 1608 1017 1433 1759 1341 
1681 2170 1429 1428 1541 2697 2437 1606 1672 1510 
1828 1826 1741 1576 1046 1866 2301 2032 2438 1488 
2398 1640 2182 1980 1459 1450 1061 1288 1547 2156 
1792 1196 1689 1812 1280 1441 1311 1448 1431 1409 
1801 2492 1579 1411 1400 1705 1737 1259 1268 1327 
2447 1357 1290 2079 1624 2221 1774 1967 1700 1934 
2555 1701 1853 1793 1925 2142 2043 2711 2639 1954 
2118 2427 1794 1962 2277 1929 1994 1592 1179 1367 
2040 1551 1774 2355 2825 2669 1713 1625 1376 1842 
2032 1799 3135 2192 1529 1878 1271 1322 1322 1789 
1984 1660 2244 1699 2429 1465 1669 2226 2625 2050 
1747 1952 2500 1448 1880 1467 1645 2185 2497 2504 
1749 1973 1910 1484 1702 1351 1405 1752 1597 1898 
2201 1907 2172 2335 2137 1399 1803 1725 1446 1602 
1694 2255 1380 1699 1840 1453 1692 2457 2436 2003 
2207 2170 1274 1162 1787 1867 1676 2192 1916 2409 
1546 1746 1685 2149 1755 1699 1367 1522 1845 1636 
2129 2507 2419 1931 1739 2250 1550 2368 2534 2238 
2410 2218 1914 1752 2336 2118 2497 1944 2151 1716 
2741 2727 2149 1991 2245 1932 1706 2474 2118 2980 
1777 2342 1752 1819 1748 1940 1953 2090 1887 2013 
1714 2005 1747 2177 1885 2118 2682 2546 2162 1844 
1577 2015 1849 1947 1747 1952 1993 2440 1668 1993 
2397 2789 2304 1929 2022 2023 1880 1941 1799 1482 
2108 2344 1597 2811 1415 1985 1813 2267 1784 1762 
1675 2290 1885 2071 2016 1943 1325 2078 2055 2162 
1671 1355 2243 1664 1716 2151 2520 2299 2154 1906 
2211 1511 2744 1899 2031 1661 1698 2083 2294 2092 
1630 2191 2137 1813 1945 2704 1647 1829 2646 1990 
1951 2548 2457 3285 1883 1952 2498 2128 1323 1770 
3377 2173 2418 1990 2645 1932 1947 2069 1937 2276 
2640 1814 5403 2339 2476 2265 2009 1967 2162 1546 
2354 1461 2461 2274 1827 1937 2017 2437 2040 1989 
1909 2334 1988 2184 2341 2722 1614 1462 1322 1527 
2345 2174 1516 1709 1557 1870 2257 1692 1699 2788 
1849 1695 1723 2076 1576 2570 1686 2466 2381 1513 
2434 2334 1877 2144 2315 1963 2364 2158 2297 1976 
2086 2645 1809 2560 1931 2314 2188 2140 1633 1637 
2211 1843 2007 2438 2061 2698 2315 3225 2984 2599 
2233 2060 1944 2544 2540 2534 2460 2457 2448 1730 
2517 1703 1545 2203 1492 1648 1931 2467 2630 1944 
