15314 3595 3497 4091 2580 3158 3477 3097 3077 2975 
4386 3724 7034 4091 4357 3809 4347 3535 4079 53071 
4351 4307 4004 4681 4206 3940 5282 4686 4080 4118 
4462 4405 3436 4249 4995 23670 3795 4158 4135 4295 
4766 4879 3979 3550 3986 4890 5350 4808 4014 5199 
4909 22594 5064 5140 4209 5551 5159 2731 5081 5223 
3997 5602 5477 5139 5522 4957 4366 11872 5385 6556 
6806 6268 5416 6910 5993 6881 6939 6531 6046 7409 
7048 6302 6099 6167 5716 7118 7320 5570 8894 6958 
6845 6273 6031 6438 6426 6058 5065 6059 5798 5348 
6901 6327 7897 7139 7305 6769 7831 6286 6252 33736 
5617 4129 6358 5522 4836 4863 5513 4812 6683 6874 
7652 7842 7387 6915 8371 7378 8202 14163 7726 8186 
11924 2755 23125 3270 3293 3655 3617 3964 4002 3188 
3847 15014 3366 10499 3543 14638 8872 3788 3138 3824 
3507 3604 3663 10603 9111 3135 23794 2939 3743 3242 
3747 3552 2758 3596 10401 3379 3688 3245 3953 3278 
2171 1480 1398 10408 1119 1189 1309 989 872 1118 
28059 1590 1014 884 916 4809 4018 1370 1179 1041 
1674 1088 1474 866 800 1636 5705 1121 964 914 
2024 1422 21384 1329 11785 1821 2213 1493 1333 12881 
2427 1788 2028 1504 1334 7648 1358 1524 12269 2526 
1983 2223 1291 1131 2211 1945 1265 1145 1039 1420 
2932 1311 1961 1205 1058 1883 1225 1227 1070 954 
3326 1389 10316 1349 1120 1183 1020 1123 9517 1049 
3159 1302 10026 996 1063 26782 14326 34562 963 40886 
8428 4291 938 951 710 990 768 854 726 847 
1927 1357 903 782 947 876 909 13893 806 827 
1677 877 823 1018 9454 828 12065 922 683 859 
1560 710 843 781 622 17021 698 767 8452 979 
2026 1635 1244 1700 1938 1797 1533 17499 9222 1677 
1852 14094 28935 2355 1410 15420 1387 2286 1449 1089 
2030 6954 1609 11974 1434 7595 4110 1733 6709 1211 
1756 795 6544 1052 11538 1004 4547 855 4187 10406 
8081 3262 14140 5157 990 1488 6982 1756 1108 675 
1892 6587 1227 1598 1252 5700 753 2112 9440 1092 
1867 5939 1864 13182 884 7941 2174 6972 1114 4194 
1770 1033 875 746 1056 13457 981 1034 5829 1357 
1962 1946 1990 1074 1117 7215 1189 13593 3253 968 
1906 1256 1020 1065 962 7334 4662 1262 1081 1090 
1934 7276 1113 1000 1172 1152 1019 963 976 956 
2131 6972 3997 843 1084 739 6855 11656 1004 721 
2140 13599 2446 5809 1093 1157 1355 15398 1197 973 
1654 1672 7415 1444 1106 997 1211 1485 1117 8463 
6399 1704 2495 1497 1139 1588 1071 1490 1232 1133 
7129 2107 1336 1123 5794 967 5884 1389 1448 1563 
1873 1802 1458 1215 1425 1057 7202 5576 1262 6846 
2023 1624 16842 1697 1064 1486 1608 1307 1404 1578 
6269 1341 1160 1993 1532 1664 12131 1398 1636 6014 
16493 1920 3030 16941 1694 6800 1526 1268 1222 1265 
16486 5921 1738 1434 1603 1646 5678 1674 7651 1310 
2320 8402 1831 15240 4944 1667 1775 1364 814 1300 
1961 1200 1227 13105 1218 1365 7444 1686 1204 1882 
2289 8370 1605 7110 1489 1856 8416 1937 2017 1503 
1439 1412 1570 7642 1704 6075 4659 14097 15043 1698 
5805 1711 2570 7792 6641 1950 8594 15013 5040 1386 
7650 1218 11860 1422 1325 984 1593 1261 1540 1200 
2090 1347 16408 5766 14241 4708 1498 1727 2132 6428 
2942 6617 2277 1906 1525 12558 5241 5483 1366 6409 
2197 8327 1858 1667 2452 2187 7758 14811 2027 1792 
1719 2385 7638 14010 12361 1648 1684 6863 1513 5060 
1750 6237 2701 2299 1428 6367 2152 7025 1668 6901 
2459 1697 2953 8018 2932 1485 1089 16482 1702 7568 
2707 2214 7841 1906 1801 1956 2020 6436 1868 1420 
2859 6435 6314 1801 1291 7248 2000 6551 1991 1737 
2514 7642 1672 1857 7938 1957 1769 7609 1394 1575 
2411 2181 1404 1427 2421 6653 15119 15884 13551 7991 
2617 8287 5723 5455 2991 18430 2523 7561 7537 2649 
10153 6305 2158 9210 12559 2803 1994 16238 6174 15559 
1636 2016 7308 6486 2212 1675 9664 6515 2181 2385 
8613 7009 6659 7220 1955 1564 14666 2482 1720 8212 
2755 2602 14725 13226 6820 6686 10003 8177 13669 1899 
13437 7980 2899 2433 2366 21151 2727 7699 7854 2123 
7114 4873 14915 2242 2184 6690 1541 1521 1741 5957 
7183 1886 2041 2071 2119 13536 2242 24759 1922 2081 
2449 9662 16462 5923 6430 2098 7650 2641 1377 9604 
2820 1625 16827 12163 12670 5993 7361 2366 2386 1871 
9250 7244 2353 1455 15078 6060 7889 5499 2233 1783 
2331 10333 7019 2268 2285 5769 2292 1989 1626 2320 
13582 2144 1984 7306 2210 14580 1989 3102 7860 5762 
2456 2135 1704 2892 2513 2646 1914 9084 1429 7400 
10758 7643 13751 7663 13418 2517 7553 1522 6051 2054 
9200 6735 15805 7123 7250 2218 1972 6237 15180 12626 
2648 2358 14271 11793 5595 2052 6839 1692 16750 11319 
13830 2125 2819 1890 7471 8218 6642 1427 1860 12682 
6986 15798 7530 2237 9523 6651 2341 6573 2465 1656 
2745 40683 1875 14107 34198 5992 5214 2027 6110 1638 
2558 2509 2517 5313 2184 2019 6966 8338 2009 21030 
2321 1999 2084 2049 5589 7733 13891 1875 5880 11769 
2697 2369 2028 17570 6784 1760 2093 8485 4767 17056 
16143 8580 2286 1772 38379 2437 2501 12022 28118 1533 
6382 2205 3479 2899 3238 18212 3648 1868 1703 2394 
2711 21127 2483 6990 3028 5991 2391 2824 1806 13567 
2831 2105 9201 1941 4184 3423 2132 2017 17835 1861 
2021 2599 3751 41509 16123 6146 1987 2566 3049 16261 
1906 2259 19065 3692 6973 3089 6740 3698 1798 1712 
2952 1920 1911 15961 2290 3231 6133 2661 2023 17053 
2972 2860 12109 2815 6055 1582 3615 3004 2858 1672 
1928 3116 1727 1731 2415 14512 16138 2606 14271 12262 
1983 1979 3039 12886 11181 2400 2724 3013 1841 10817 
