16214 5053 4053 3813 2390 1383 1411 1256 1393 1352 
1681 1789 1861 1726 1795 1828 1839 1854 1601 2253 
928 715 1006 1062 2543 848 947 961 804 4637 
976 863 809 825 4532 774 965 868 1157 2631 
1008 1796 921 882 786 1561 1349 1355 1549 2183 
1217 1442 2170 1569 1317 5417 1379 1288 1129 1518 
2413 2305 1525 1387 3917 1436 1255 1435 3987 1501 
1779 2081 2507 1840 1584 1406 1742 1511 1683 7363 
1892 6017 1661 1788 3123 1819 1633 1625 1695 1642 
2388 3350 1745 3061 1991 1956 1992 1779 1497 1978 
2170 1689 2071 2858 1523 1835 1441 1776 1393 1774 
2434 1752 1653 1667 2062 1857 1701 1603 1563 1595 
1538 1558 2133 1615 1425 1696 2676 1351 1819 1911 
1917 1890 1627 2031 1907 1721 3185 2015 2024 1955 
1690 2043 1864 1851 1740 1918 2635 2672 5697 1190 
2080 1896 1891 2023 1924 2100 2076 2441 1888 2105 
1475 1162 1476 1459 1435 1469 1516 3338 1934 1870 
2027 1288 2419 1924 1836 742 1860 2158 951 1248 
1590 1579 905 709 900 1047 722 718 1098 737 
814 881 691 630 518 582 509 573 744 601 
983 646 842 1233 617 1205 682 696 843 583 
1928 1457 1332 1319 1418 1873 1302 1947 1372 923 
1694 2421 746 1707 597 1306 1002 750 850 744 
776 688 1096 634 664 673 686 778 660 699 
1138 742 1161 1829 912 735 714 635 1096 1071 
1037 1220 1608 912 1385 879 754 682 1098 843 
1034 742 1636 963 705 740 1215 1131 795 988 
957 1160 643 622 645 951 742 776 795 819 
892 1032 869 927 1015 1122 726 728 733 720 
911 803 655 661 605 1156 778 610 882 738 
1892 1600 1506 1276 1696 1855 1914 932 1081 1313 
1187 1208 1328 1376 2098 1076 1414 1557 1569 1936 
1788 1518 1423 1474 1388 1434 1566 1357 1030 1265 
1564 1721 755 639 1055 1125 955 845 792 774 
1151 899 1977 1624 1433 867 813 871 938 898 
1390 926 868 1383 1144 1221 1120 673 1656 835 
1113 918 911 961 934 888 1381 1013 855 1129 
1176 874 834 808 1602 1550 1342 1018 789 1135 
1394 918 785 1072 969 1090 739 1719 891 627 
983 808 1407 1298 620 740 862 705 1176 938 
1772 1009 880 1042 1627 2336 1331 743 1145 2282 
1314 1307 1075 906 1361 862 752 962 1104 861 
1185 931 975 842 1002 1770 1911 944 979 933 
1393 917 1105 898 1099 1058 854 1087 956 709 
1953 1248 1077 1033 835 846 1099 879 871 2414 
1818 1222 767 1303 1836 1182 1031 735 1197 837 
1769 1376 1504 1191 1025 700 967 1414 1293 1047 
1457 1409 1242 1014 1392 1090 1594 1096 1668 1733 
1296 921 1081 2442 1537 1157 1344 1015 976 827 
1426 1064 1294 1620 1159 2302 1368 1139 1703 1454 
1946 839 1466 1460 1270 1468 1406 1066 914 1357 
1614 1250 1297 1301 2162 2233 1627 890 1495 1396 
1627 1010 1009 1057 1431 1201 1188 1212 1092 1215 
1370 1117 1258 1161 2105 1893 2147 1869 1122 1241 
1513 1150 1809 1285 1291 1336 1304 1643 1197 1484 
2132 1360 1770 1418 927 1320 1215 1117 1038 998 
2438 1839 1102 1352 952 1079 1280 1351 857 1436 
1259 1339 1527 1253 825 941 1077 1008 809 1446 
1795 1131 1670 1740 1882 1312 3179 1194 1312 1447 
2020 1651 1686 1062 1460 1307 1319 1455 1221 1270 
1524 1316 984 1147 1206 1724 1257 1008 1626 1209 
2310 1375 1688 1291 1393 1233 1249 1598 1628 1149 
1618 2164 1807 1614 1556 1422 2398 1258 1379 1414 
2019 968 1287 2206 1111 1442 1276 1528 1248 1888 
1361 1215 1350 1511 1239 1188 1385 1324 1574 1275 
1987 1408 1699 1593 1430 1108 2193 1617 1762 1280 
1521 1381 1565 1189 1216 1096 1423 1325 1509 1244 
1329 1951 1961 2536 2006 1756 1117 1335 1262 2035 
1792 1383 1239 1911 1011 1786 1246 2443 1871 2126 
1733 1224 1420 1284 1084 3037 1902 1154 1232 1345 
2089 2107 1099 1174 2070 1452 1694 1296 1148 1717 
1623 1946 1087 2325 2280 2435 1873 1903 1354 1284 
1738 1810 1709 1416 1000 1170 2663 2622 1545 1228 
1700 3163 1747 1651 2329 1519 1359 1139 1385 1521 
1500 3096 1648 1298 1539 1656 1432 1394 1546 2099 
1748 1649 1714 1503 1128 1435 1568 1819 1609 2268 
1756 1636 1550 1606 1385 1269 2116 1530 1355 1523 
1748 1567 2833 968 1460 1175 1863 1461 1313 1172 
1734 2059 2003 1628 1770 1861 1652 1243 1497 2960 
2411 1866 1516 1423 1467 1734 2289 1446 1620 1752 
1573 1571 1349 2194 1144 2143 1804 1334 1449 1261 
1757 1625 1924 1432 1147 1902 2145 1725 1663 1986 
1753 1451 1451 1610 1204 1464 1454 1663 2112 1613 
1562 1877 1379 1125 1381 2004 1304 1621 1905 1218 
1651 1613 1379 1378 1483 1626 1429 1390 1239 1724 
2197 1566 1710 1781 1476 1450 1400 1330 1886 1382 
2169 2110 1378 3025 1577 1576 1379 2048 2303 1529 
1548 1546 1493 3324 1221 1546 2402 1570 1982 2080 
1745 1621 1194 1163 2012 1459 3148 1715 2187 2069 
1515 1562 1844 2418 1481 1794 1164 1416 1449 2315 
4285 1559 2241 2027 2198 1436 1665 1793 1400 1582 
1631 1598 1354 1557 1452 1002 1195 1236 1318 1588 
1954 1706 1514 2644 1668 1676 1302 2121 1711 1371 
1565 1735 2316 2207 1943 2829 1053 1585 1862 1173 
2315 1512 1472 2907 2430 1434 3027 1583 1331 1612 
2678 1585 1340 1559 1469 1468 1887 1412 1252 1578 
1483 1711 1466 1674 1262 1359 1464 1160 1075 2053 
2025 1835 1424 1923 1402 1513 1570 1692 1522 1484 
2097 1893 1883 1541 1878 956 1749 1680 1963 1350 
1982 1629 2430 2155 1347 1195 1299 1390 1259 1272 
